1.0,1.0,0.9428090415820634,0.816496580927726,0.6531972647421808,0.48686449556014766,0.3407341679999679,0.2253744679276044,0.14165672406926147,0.08499403444155688,0.0488681338840213,0.027012877383025293,0.01439620802647016,0.0074151808873834865,0.0036993421788724494,0.001790936331336957,0.0008427935676879797,0.000386102988907632,0.00017243118422714584,7.516101067611732e-5,3.201240554845443e-5,1.3336297418492433e-5,5.439372138207776e-6,2.1738593639538134e-6,8.519753942812848e-7,3.276828439543403e-7,1.2376749745131562e-7,4.593677012385646e-8,1.6763761349140132e-8,6.018374510172738e-9,2.126709341119815e-9,7.40063529974039e-10,2.537231226926045e-10,8.573696312840711e-11,2.8567320434963834e-11,9.389252604589892e-12,3.0451630068940193e-12,9.74894917736063e-13,3.081874811443834e-13,9.623151014390592e-14,2.9688854120228336e-14,9.052448638040103e-15,2.7286777818043395e-15,8.133244003095775e-16,2.39777054992683e-16,6.993362535761016e-17,2.0183528684747612e-17,5.765470886663184e-18,1.6303817967771133e-18,4.565069030975917e-19,1.2658789287795184e-19
1.0,1.0,0.9428090415820634,0.816496580927726,0.6531972647421808,0.48686449556014766,0.3407341679999679,0.2253744679276044,0.14165672406926147,0.08499403444155688,0.0488681338840213,0.027012877383025293,0.01439620802647016,0.0074151808873834865,0.0036993421788724494,0.001790936331336957,0.0008427935676879797,0.000386102988907632,0.00017243118422714584,7.516101067611732e-5,3.201240554845443e-5,1.3336297418492433e-5,5.439372138207776e-6,2.1738593639538134e-6,8.519753942812848e-7,3.276828439543403e-7,1.2376749745131562e-7,4.593677012385646e-8,1.6763761349140132e-8,6.018374510172738e-9,2.126709341119815e-9,7.40063529974039e-10,2.537231226926045e-10,8.573696312840711e-11,2.8567320434963834e-11,9.389252604589892e-12,3.0451630068940193e-12,9.74894917736063e-13,3.081874811443834e-13,9.623151014390592e-14,2.9688854120228336e-14,9.052448638040103e-15,2.7286777818043395e-15,8.133244003095775e-16,2.39777054992683e-16,6.993362535761016e-17,2.0183528684747612e-17,5.765470886663184e-18,1.6303817967771133e-18,4.565069030975917e-19,1.2658789287795184e-19
0.9428090415820634,0.9428090415820634,1.0,0.9622504486493763,0.8621764019898411,0.7229568912920511,0.5702138765002029,0.4249701722077844,0.30049929057013924,0.20233618898389374,0.13015712468085208,0.0802241528629712,0.04750506282148319,0.02709051089416768,0.014910230661477725,0.007936001540586778,0.004092155988387675,0.0020476203126973567,0.0009957392871828405,0.00047123549492526453,0.00021730741483589748,9.775959839689657e-5,4.2949422321616756e-5,1.8445808371171397e-5,7.751363512611543e-6,3.1898297436314935e-6,1.2864975000532158e-6,5.088878260127219e-7,1.9756282213616555e-7,7.532471167318234e-8,2.8221512198418976e-8,1.0396304952329466e-8,3.767596152595107e-9,1.3438583345860344e-9,4.720100781974754e-10,1.6332442299968253e-10,5.5697539990223534e-11,1.8727472264316974e-11,6.2107615471288486e-12,2.0323058078124594e-12,6.563870763159727e-13,2.0931426365844535e-13,6.592344090888624e-14,2.0512156755894035e-14,6.3071849139674875e-15,1.9170326287075897e-15,5.761094337174572e-16,1.712257495491124e-16,5.0341292399856903e-17,1.4644320387585853e-17,4.2159755168424624e-18
0.816496580927726,0.816496580927726,0.9622504486493763,1.0,0.96,0.8546748713999196,0.7094311221019294,0.5520524474738834,0.40481780803791007,0.2810592210091776,0.18553808868169114,0.11689638672857827,0.07052672779162303,0.04086767143018736,0.022804776817519648,0.012283264486045312,0.006399684017939574,0.0032313306458728367,0.0015838815641263135,0.000754835111304302,0.0003502494636796364,0.00015843555010651948,6.994935286353288e-5,3.0174128547462167e-5,1.2730120435313532e-5,5.257395261746761e-6,2.1272232954035337e-6,8.439123542623135e-7,3.285012918014707e-7,1.2555224547312968e-7,4.7144642088435125e-8,1.7402669046521462e-8,6.318503896514932e-9,2.2576269764244365e-9,7.942203176611714e-10,2.7521990610320664e-10,9.398460393616995e-11,3.164093509203865e-11,1.0505720528683135e-11,3.441484216638479e-12,1.1126549177300264e-12,3.551516460433116e-13,1.1195479298465887e-13,3.48640210819878e-14,1.0728587578137181e-14,3.263297346692499e-15,9.813710277562173e-16,2.918642105167276e-16,8.586247499255781e-17,2.4991970628066364e-17,7.198925216915908e-18
0.6531972647421808,0.6531972647421808,0.8621764019898411,0.96,1.0,0.9639937502999093,0.8674136829061406,0.7326524624331967,0.5838110114403282,0.4408147268284531,0.3165995561968028,0.21701451848870157,0.14238842578787322,0.08966237373143646,0.05431506682886066,0.03171982950004267,0.01789299409097391,0.009766628518986166,0.005166772508043285,0.0026531007614223508,0.001324170746880502,0.0006431923326489264,0.00030440680379976445,0.00014052631393863288,6.33418254179326e-5,2.790375434996891e-5,1.2024189227971522e-5,5.0725562299578484e-6,2.0965715035054407e-6,8.496049599566044e-7,3.3778665619919436e-7,1.3184445567175428e-7,5.0551582556042574e-8,1.9050471461660988e-8,7.0600138369817805e-9,2.5742589327228016e-9,9.239574047069578e-10,3.265878145301637e-10,1.13731672039674e-10,3.903660056886652e-11,1.3211088946138083e-11,4.410015184427512e-12,1.4525382454582734e-12,4.722208665859888e-13,1.5157596008686047e-13,4.805231125658231e-14,1.5049513639572815e-14,4.657735850974809e-15,1.4249063142319778e-15,4.309896884277602e-16,1.2892053006469452e-16
0.48686449556014766,0.48686449556014766,0.7229568912920511,0.8546748713999196,0.9639937502999093,1.0,0.9649841677540381,0.8701729234052701,0.7364581641633383,0.5874036342703213,0.44325035650675687,0.31757617620600886,0.2167596621684666,0.14137432923857834,0.08835736669656342,0.05305285706929604,0.03067502857526202,0.017115851876605574,0.00923411863256224,0.004825568520351111,0.0024466075824339704,0.0012052864898734698,0.000577724086039178,0.0002697746430029561,0.000122867082635291,5.463719799868134e-5,2.3745956226942782e-5,1.0095732780294532e-5,4.2024564288571845e-6,1.714077273848509e-6,6.85552551799274e-7,2.690509533484663e-7,1.0367946986977149e-7,3.9253548741931025e-8,1.4609671322339013e-8,5.348229999582167e-9,1.9266688806215533e-9,6.833423536154087e-10,2.3872576914352886e-10,8.218165656738327e-11,2.7889472143824128e-11,9.333868576856868e-12,3.0817461532484575e-12,1.0041437333948647e-12,3.229992858916282e-13,1.0260062207997986e-13,3.2193707295343125e-14,9.981332008945145e-15,3.058588047163751e-15,9.265775392834514e-16,2.7757436039529307e-16
0.3407341679999679,0.3407341679999679,0.5702138765002029,0.7094311221019294,0.8674136829061406,0.9649841677540381,1.0,0.9668691185740803,0.8766976780810399,0.7488001440828584,0.6049197530827831,0.4639497254540473,0.33896421325208953,0.23662866694684395,0.15827001475169786,0.10167556665753437,0.06287624105935825,0.037504523310929905,0.021617442886916093,0.012060807175403329,0.006523299675268205,0.003425244180405647,0.001748300904858523,0.0008684931423986533,0.0004203679516603927,0.00019845373385494905,9.146989856252276e-5,4.119848794869846e-5,1.8148387569992175e-5,7.82518937780132e-6,3.3050409232704335e-6,1.36832621830345e-6,5.55675193755956e-7,2.2148389054117763e-7,8.66979893466836e-8,3.33475194745694e-8,1.261056357272603e-8,4.690710454750735e-9,1.7170438945503276e-9,6.188107170016141e-10,2.1966111878795644e-10,7.683227503464899e-11,2.6490921179294263e-11,9.00685362952564e-12,3.0208157164850092e-12,9.997603550160773e-13,3.2660821863193157e-13,1.0535391798561028e-13,3.356555177705157e-14,1.0565210432316369e-14,3.2864001644649187e-15
0.2253744679276044,0.2253744679276044,0.4249701722077844,0.5520524474738834,0.7326524624331967,0.8701729234052701,0.9668691185740803,1.0,0.9680361315835789,0.8804510957206901,0.7550924836425265,0.6126823949422575,0.47182112647479757,0.3458643021513614,0.24200121839540636,0.16204308017319993,0.10408442050819867,0.06427633859233235,0.03824061063331394,0.02196034404643603,0.012194524457484547,0.00655866629308371,0.0034217771451710947,0.0017341443975517942,0.0008548367924246248,0.00041036623897083277,0.00019206094167227274,8.772830727829063e-5,3.914683291971881e-5,1.7080634009195024e-5,7.293398078318342e-6,3.0501315877002546e-6,1.250236500402431e-6,5.026351047819073e-7,1.9832805605643978e-7,7.685159382435872e-8,2.9262408931207434e-8,1.0954497355459403e-8,4.033884554338587e-9,1.4618886646801637e-9,5.216327044057667e-10,1.8334301101591847e-10,6.350275262310388e-11,2.1683028773355517e-11,7.301442776947947e-12,2.4255658499681432e-12,7.952067967054028e-13,2.573652372617369e-13,8.225385299852475e-14,2.596731086493026e-14,8.09998592094655e-15
0.14165672406926147,0.14165672406926147,0.30049929057013924,0.40481780803791007,0.5838110114403282,0.7364581641633383,0.8766976780810399,0.9680361315835789,1.0,0.9693074661963551,0.8849076882821699,0.7635237989337875,0.6247047988728709,0.486192013697035,0.360978293038707,0.25636504563255313,0.17458700108563363,0.11426754450962334,0.07202650150514571,0.043807229802274375,0.025753785888553815,0.014658006353179494,0.0080888946449339,0.0043338778638636185,0.0022572831421337207,0.001144264210636288,0.0005651592121569656,0.00027224542053106413,0.0001280287381941418,5.8829714874703544e-5,2.6435620960408808e-5,1.1625851814932434e-5,5.007503958829877e-6,2.113874698018197e-6,8.751483183797395e-7,3.5554604388753194e-7,1.418320908600042e-7,5.558489955213613e-8,2.1412604075339756e-8,8.111992366437801e-9,3.0236755221987875e-9,1.109395946245321e-9,4.0083573408675596e-10,1.4267592355574677e-10,5.005034493537974e-11,1.7309941437241666e-11,5.904308856702763e-12,1.98688858227167e-12,6.598551481507495e-13,2.163356251083153e-13,7.003898983866167e-14
0.08499403444155688,0.08499403444155688,0.20233618898389374,0.2810592210091776,0.4408147268284531,0.5874036342703213,0.7488001440828584,0.8804510957206901,0.9693074661963551,1.0,0.9703212633883321,0.8883300540267418,0.769615040678696,0.6327609134142429,0.4950287563096067,0.3694348901647727,0.26362784998394506,0.18028499203295686,0.11840060819085707,0.0748221045228422,0.0455816212087933,0.026815431551042365,0.015258713366623952,0.008410974714582391,0.00449763475622778,0.0023361747966874923,0.0011801738992546892,0.0005805069439144925,0.00027832889595281026,0.000130207872963772,5.9491510272598586e-5,2.6570302833587906e-5,1.1609751143661802e-5,4.966761839667015e-6,2.0819320813037025e-6,8.556625947032872e-7,3.4503558080684174e-7,1.365894151631204e-7,5.31145627163997e-8,2.0299780234779007e-8,7.629132644606463e-9,2.820837973817604e-9,1.0266023278973319e-9,3.679079455137361e-10,1.2988859420699035e-10,4.5192978534806815e-11,1.5502575245868033e-11,5.2447731435188035e-12,1.7506095900033178e-12,5.76679575752831e-13,1.875422203403949e-13
0.0488681338840213,0.0488681338840213,0.13015712468085208,0.18553808868169114,0.3165995561968028,0.44325035650675687,0.6049197530827831,0.7550924836425265,0.8849076882821699,0.9703212633883321,1.0,0.9712994337948813,0.8917734735885708,0.7761293384311939,0.6420647437414134,0.5062036441211405,0.38128785469393384,0.2750299710178693,0.19039736871597884,0.1267612969663025,0.08131791482831648,0.05035348295664191,0.030146078468580324,0.017476432015637974,0.009824495896972617,0.005362588779167901,0.002845617829163903,0.0014696405718865827,0.0007395022404404041,0.00036290471078562404,0.00017384960137058124,8.136931894065225e-5,3.723988094053825e-5,1.6678231573597807e-5,7.314755521433081e-6,3.1437917806678322e-6,1.3249252575998537e-6,5.478691686310457e-7,2.2241307815588346e-7,8.869083926436992e-8,3.4758181290270866e-8,1.3393951081523435e-8,5.077346261347507e-9,1.894237692835405e-9,6.958022478664273e-10,2.5174816435399973e-10,8.975184280785196e-11,3.154110716839582e-11,1.0929992180212216e-11,3.7360987895509866e-12,1.2601214940808437e-12
0.027012877383025293,0.027012877383025293,0.0802241528629712,0.11689638672857827,0.21701451848870157,0.31757617620600886,0.4639497254540473,0.6126823949422575,0.7635237989337875,0.8883300540267418,0.9712994337948813,1.0,0.9721503747679815,0.8947197256858781,0.7815442512239288,0.6495024867112142,0.514717546106512,0.38982545418247144,0.2827411186992351,0.1967809629327402,0.13166331685552937,0.08484030852044486,0.052737666783098484,0.031674169637661,0.0184077317447645,0.010366054542759974,0.005663913142214409,0.003006404380542803,0.0015520716814346092,0.000780163225296264,0.000382222272817126,0.0001826940268479542,8.527207400745798e-5,3.889883481401674e-5,1.735662423225332e-5,7.5809626064894444e-6,3.2435954126136767e-6,1.360403066153281e-6,5.596625710230638e-7,2.2597826610096606e-7,8.960634197860679e-8,3.4912365699384314e-8,1.3372505929548976e-8,5.037933397702303e-9,1.8676719081955308e-9,6.816316784980751e-10,2.450096058556222e-10,8.677109046013214e-11,3.028948307223251e-11,1.0425385956809102e-11,3.5393811093654314e-12
0.01439620802647016,0.01439620802647016,0.04750506282148319,0.07052672779162303,0.14238842578787322,0.2167596621684666,0.33896421325208953,0.47182112647479757,0.6247047988728709,0.769615040678696,0.8917734735885708,0.9721503747679815,1.0000000000000002,0.9729465782889635,0.8975374118060906,0.7868961635987579,0.6571806154254595,0.5239921321530046,0.3997345136630189,0.29236072382241474,0.20540774873447845,0.13888947935655446,0.09053879867193691,0.05699350039540624,0.03469837016775176,0.020460266655823487,0.011700837824287925,0.006497902535071914,0.003508259804873161,0.001843535727720975,0.0009438460809836523,0.0004712605560810689,0.00022968144215519668,0.00010936197982798666,5.091329541451987e-5,2.3192571125903024e-5,1.0344968373083804e-5,4.521311824387649e-6,1.937453216349469e-6,8.145000171317124e-7,3.361181678279863e-7,1.362288379167499e-7,5.4255728112998125e-8,2.124388245029797e-8,8.18155612349063e-9,3.1005878826591115e-9,1.1567557924399234e-9,4.2501457334434385e-10,1.538500293645839e-10,5.4888669191315054e-11,1.930687430660686e-11
0.0074151808873834865,0.0074151808873834865,0.02709051089416768,0.04086767143018736,0.08966237373143646,0.14137432923857834,0.23662866694684395,0.3458643021513614,0.486192013697035,0.6327609134142429,0.7761293384311939,0.8947197256858781,0.9729465782889635,1.0000000000000002,0.9736647984000606,0.9000633770040359,0.7916338510979417,0.6638491367919874,0.5318424529229254,0.40785519311508894,0.2999464620423263,0.2119168738724063,0.14408030863646953,0.09441884061683065,0.05972971199306165,0.03652824172759496,0.021625679152414735,0.012410172773214947,0.00691173568759539,0.0037402688243147143,0.001968804181176244,0.0010091080635435852,0.0005041211747775612,0.000245695709875667,0.00011692483886535649,5.4377971685184833e-5,2.4733591346022427e-5,1.1010877490765037e-5,4.801010915031861e-6,2.0516761202164758e-6,8.59853579428749e-7,3.5362250371768576e-7,1.4279132795884804e-7,5.664280630541337e-8,2.2084699712990737e-8,8.467475694116473e-9,3.193992108292986e-9,1.1858322266834603e-9,4.3351617095593295e-10,1.561186059860516e-10,5.540361030304947e-11
0.0036993421788724494,0.0036993421788724494,0.014910230661477725,0.022804776817519648,0.05431506682886066,0.08835736669656342,0.15827001475169786,0.24200121839540636,0.360978293038707,0.4950287563096067,0.6420647437414134,0.7815442512239288,0.8975374118060906,0.9736647984000606,1.0000000000000002,0.974333198746229,0.9024432605491411,0.796182540564684,0.6704189640699064,0.5398364998847186,0.4164649910738228,0.30837963192415874,0.21955524637068247,0.15054969281196529,0.09958323655334121,0.06363850975665306,0.03934621615110627,0.023567975617043734,0.013694034415554949,0.007727724112327227,0.004240073733242493,0.002264427261128278,0.0011782591594011202,0.0005979014082481334,0.0002961485749107754,0.00014329923937234107,6.779138685019668e-5,3.1377953242189e-5,1.4219994335298293e-5,6.313754229602569e-6,2.7482909289046385e-6,1.1735012899506418e-6,4.918084942641425e-7,2.0241068438497646e-7,8.184979897004917e-8,3.253566043959097e-8,1.2719219189651372e-8,4.892284137055826e-9,1.8522349050221878e-9,6.905389019849673e-10,2.536031893557368e-10
0.001790936331336957,0.001790936331336957,0.007936001540586778,0.012283264486045312,0.03171982950004267,0.05305285706929604,0.10167556665753437,0.16204308017319993,0.25636504563255313,0.3694348901647727,0.5062036441211405,0.6495024867112142,0.7868961635987579,0.9000633770040359,0.974333198746229,1.0000000000000002,0.97494733066254,0.9046267460980508,0.8003365900597192,0.6763683568401275,0.5469829606503916,0.424026949884989,0.3156208451092988,0.225936495439639,0.15578409895250256,0.10361310209482849,0.06656886117197977,0.04136892679553891,0.02489878299561265,0.014531479802619695,0.008233234456516258,0.004533525005891221,0.002428613221481691,0.0012669702481373543,0.0006442689376245821,0.0003196294830681842,0.00015483591509854217,7.329754871098085e-5,3.393360466475076e-5,1.537469605069171e-5,6.822075088038851e-6,2.966486685402017e-6,1.2648900776636061e-6,5.291794457549681e-7,2.1733809123887737e-7,8.767638578080379e-8,3.475870140672328e-8,1.354841241632377e-8,5.194662482213065e-9,1.9600233486254854e-9,7.280855574331345e-10
0.0008427935676879797,0.0008427935676879797,0.004092155988387675,0.006399684017939574,0.01789299409097391,0.03067502857526202,0.06287624105935825,0.10408442050819867,0.17458700108563363,0.26362784998394506,0.38128785469393384,0.514717546106512,0.6571806154254595,0.7916338510979417,0.9024432605491411,0.97494733066254,1.0000000000000002,0.9755201138922365,0.9066786784597263,0.8042857812035616,0.682116117701927,0.5540344515167273,0.43168816237766494,0.32319458188298705,0.2328640551970328,0.16171299651643772,0.10839892562382024,0.07023421656107084,0.04404476646613608,0.026767733570394456,0.015784202068422962,0.009041118410455058,0.005035916711906173,0.002730453667986309,0.001442480206266117,0.0007431896930305429,0.00037374777676733715,0.00018361184104233224,8.818622833026351e-5,4.143771911841781e-5,1.9062774621153013e-5,8.591245055949114e-6,3.7955585135767514e-6,1.6447543128075764e-6,6.994803201195099e-7,2.9209927847575554e-7,1.1983569102957845e-7,4.8322825716136574e-8,1.9161469213365322e-8,7.474916561127889e-9,2.8699018339659723e-9
0.000386102988907632,0.000386102988907632,0.0020476203126973567,0.0032313306458728367,0.009766628518986166,0.017115851876605574,0.037504523310929905,0.06427633859233235,0.11426754450962334,0.18028499203295686,0.2750299710178693,0.38982545418247144,0.5239921321530046,0.6638491367919874,0.796182540564684,0.9046267460980508,0.9755201138922365,1.0000000000000002,0.9760522942785179,0.9085863700341714,0.8079544324627297,0.6874401354615686,0.5605292854595718,0.4386819087017618,0.33002232399071485,0.23900811913555514,0.16686649429034806,0.11246077720605412,0.07326105665024307,0.04618771132836195,0.02821488974407186,0.016719499411280443,0.009621281953606762,0.005382167481001059,0.002929710602711753,0.0015532585707806472,0.0008027920050064106,0.0004048299066650804,0.0001993446536864382,9.59255389067903e-5,4.514197961929332e-5,2.078965906435721e-5,9.37613239535367e-6,4.1436695008147675e-6,1.7955350576649459e-6,7.633085723534849e-7,3.185240879607386e-7,1.3054123764390864e-7,5.2569456827847676e-8,2.0811662024264724e-8,8.103366161300324e-9
0.00017243118422714584,0.00017243118422714584,0.0009957392871828405,0.0015838815641263135,0.005166772508043285,0.00923411863256224,0.021617442886916093,0.03824061063331394,0.07202650150514571,0.11840060819085707,0.19039736871597884,0.2827411186992351,0.3997345136630189,0.5318424529229254,0.6704189640699064,0.8003365900597192,0.9066786784597263,0.9760522942785179,1.0000000000000002,0.9765507754585872,0.9103823454460899,0.811434711701292,0.6925447571077872,0.5668446985449357,0.44560509518746183,0.3369310876758695,0.24538972361462205,0.17238421485233746,0.11696232929210604,0.07674711752793996,0.0487622192639794,0.030034817693821894,0.01795470893842622,0.01042826960608117,0.00589077879450249,0.0032395435146586834,0.001735994514370293,0.0009072953380952041,0.0004628579073890867,0.00023066925406692816,0.00011238323246813483,5.3566500675141464e-5,2.4995365040907333e-5,1.1425623163690771e-5,5.1194157061725386e-6,2.2497477749990564e-6,9.701989500378412e-7,4.1079997212270617e-7,1.708680836315295e-7,6.98490638850441e-8,2.8075529933811597e-8
7.516101067611732e-5,7.516101067611732e-5,0.00047123549492526453,0.000754835111304302,0.0026531007614223508,0.004825568520351111,0.012060807175403329,0.02196034404643603,0.043807229802274375,0.0748221045228422,0.1267612969663025,0.1967809629327402,0.29236072382241474,0.40785519311508894,0.5398364998847186,0.6763683568401275,0.8042857812035616,0.9085863700341714,0.9765507754585872,1.0000000000000002,0.9770175231266834,0.9120664910286984,0.8147014869395783,0.6973359404857857,0.572762495527113,0.4520680346590022,0.34334022849126034,0.25125632110724155,0.1773958136196292,0.12098959331258076,0.07980973074961502,0.050976726651275034,0.031563228777664896,0.01896485275471452,0.011069337751659806,0.006282379942613126,0.0034702813478986005,0.0018673789997332528,0.0009797141621354772,0.0005015571233758826,0.00025074617401444135,0.0001225079961245764,5.853549480716027e-5,2.7371167213734357e-5,1.2533359968471894e-5,5.623544252150343e-6,2.4738720546207665e-6,1.0676120168567776e-6,4.522227758298961e-7,1.8811241645782545e-7,7.688152941859288e-8
3.201240554845443e-5,3.201240554845443e-5,0.00021730741483589748,0.0003502494636796364,0.001324170746880502,0.0024466075824339704,0.006523299675268205,0.012194524457484547,0.025753785888553815,0.0455816212087933,0.08131791482831648,0.13166331685552937,0.20540774873447845,0.2999464620423263,0.4164649910738228,0.5469829606503916,0.682116117701927,0.8079544324627297,0.9103823454460899,0.9770175231266834,1.0000000000000002,0.9774567267139969,0.913657102808231,0.8178035941364591,0.7019196704808411,0.5784800557745391,0.4583911888715044,0.34970900699125385,0.2571963074229904,0.1825833887783468,0.12526576106064632,0.08315669232151494,0.05347574865046257,0.03334983853299622,0.020191607571078202,0.011880426502991679,0.006799883126889382,0.0037895212994367177,0.0020581037933523508,0.001090231207355029,0.000563753520753814,0.0002847825398038911,0.00014064002696349162,6.794832743036823e-5,3.2137424462421836e-5,1.488950541136327e-5,6.761573476660241e-6,3.01135967088633e-6,1.3160193199087017e-6,5.646419106685992e-7,2.3796398877272138e-7
1.3336297418492433e-5,1.3336297418492433e-5,9.775959839689657e-5,0.00015843555010651948,0.0006431923326489264,0.0012052864898734698,0.003425244180405647,0.00655866629308371,0.014658006353179494,0.026815431551042365,0.05035348295664191,0.08484030852044486,0.13888947935655446,0.2119168738724063,0.30837963192415874,0.424026949884989,0.5540344515167273,0.6874401354615686,0.811434711701292,0.9120664910286984,0.9774567267139969,1.0000000000000002,0.9778704043088439,0.9151579276985797,0.8207357344393074,0.7062580717140101,0.5838942701359243,0.46437418057598573,0.3557204546977936,0.26277824333075245,0.1874259035306717,0.12922148437042508,0.08621727181100246,0.055729006925954665,0.03493428835568112,0.021259107029741025,0.012571366439143628,0.007230514221715311,0.004048492635108571,0.0022086504236108477,0.0011749686532341508,0.0006100032986387698,0.00030929358037235064,0.00015326906291995,7.428163292349746e-5,3.52319911968786e-5,1.636419964204143e-5,7.447582776101443e-6,3.3231407163004298e-6,1.4545678855931895e-6,6.248847233129725e-7
5.439372138207776e-6,5.439372138207776e-6,4.2949422321616756e-5,6.994935286353288e-5,0.00030440680379976445,0.000577724086039178,0.001748300904858523,0.0034217771451710947,0.0080888946449339,0.015258713366623952,0.030146078468580324,0.052737666783098484,0.09053879867193691,0.14408030863646953,0.21955524637068247,0.3156208451092988,0.43168816237766494,0.5605292854595718,0.6925447571077872,0.8147014869395783,0.913657102808231,0.9778704043088439,1.0000000000000002,0.9782613551843916,0.9165803665109692,0.8235261658848844,0.7104097737279007,0.5891131319919847,0.47019453944898193,0.36163547593333933,0.26834697640797256,0.19233677597627538,0.1333103377729001,0.08945071216932031,0.058168829714734596,0.03669746185349489,0.02248316540035077,0.013389818816145108,0.007758740697395849,0.004378183486237488,0.002407982688248754,0.0012918850228046841,0.0006766190610368867,0.00034620875592198503,0.00017318660246413853,8.475550106633069e-5,4.060507851385171e-5,1.905549978321754e-5,8.764846773894527e-6,3.953640404385921e-6,1.7498978646115998e-6
2.1738593639538134e-6,2.1738593639538134e-6,1.8445808371171397e-5,3.0174128547462167e-5,0.00014052631393863288,0.0002697746430029561,0.0008684931423986533,0.0017341443975517942,0.0043338778638636185,0.008410974714582391,0.017476432015637974,0.031674169637661,0.05699350039540624,0.09441884061683065,0.15054969281196529,0.225936495439639,0.32319458188298705,0.4386819087017618,0.5668446985449357,0.6973359404857857,0.8178035941364591,0.9151579276985797,0.9782613551843916,1.0000000000000002,0.9786313420898732,0.9179289617102199,0.8261771339807862,0.7143618268228175,0.5940890457307824,0.47574893532193924,0.36727937754937073,0.27365252666204903,0.19700107018774038,0.1371748486707193,0.09248579364726928,0.06043859674944905,0.03831972332395822,0.023594681388611392,0.014121792692202767,0.008223085204789638,0.004662506853120744,0.002576320236965382,0.0013884094846105866,0.0007302986539669468,0.0003752001719445301,0.00018841113712392653,9.253798215544211e-5,4.448158553339025e-5,2.09388387356335e-5,9.658090705104072e-6,4.367571175565435e-6
8.519753942812848e-7,8.519753942812848e-7,7.751363512611543e-6,1.2730120435313532e-5,6.33418254179326e-5,0.000122867082635291,0.0004203679516603927,0.0008548367924246248,0.0022572831421337207,0.00449763475622778,0.009824495896972617,0.0184077317447645,0.03469837016775176,0.05972971199306165,0.09958323655334121,0.15578409895250256,0.2328640551970328,0.33002232399071485,0.44560509518746183,0.572762495527113,0.7019196704808411,0.8207357344393074,0.9165803665109692,0.9786313420898732,1.0000000000000002,0.9789823676610884,0.9192114387004269,0.8287064256095151,0.7181489342273972,0.5988839981654174,0.4811390045814509,0.3728038306162637,0.278900385541443,0.20167242393739276,0.14110201801300568,0.0956223312714276,0.06282943199739997,0.040065465629919375,0.02481947424397109,0.0149495583177451,0.008763171919672578,0.0050033496046199034,0.002784722177673753,0.0015120463455377828,0.0008015621969703297,0.0004151559371615847,0.00021022622830395117,0.00010414802244772182,5.051008782732157e-5,2.3995553735966564e-5,1.1172752729739475e-5
3.276828439543403e-7,3.276828439543403e-7,3.1898297436314935e-6,5.257395261746761e-6,2.790375434996891e-5,5.463719799868134e-5,0.00019845373385494905,0.00041036623897083277,0.001144264210636288,0.0023361747966874923,0.005362588779167901,0.010366054542759974,0.020460266655823487,0.03652824172759496,0.06363850975665306,0.10361310209482849,0.16171299651643772,0.23900811913555514,0.3369310876758695,0.4520680346590022,0.5784800557745391,0.7062580717140101,0.8235261658848844,0.9179289617102199,0.9789823676610884,1.0000000000000002,0.9793158961894781,0.920432099927834,0.8311188296067517,0.7217691245167057,0.6034775045523886,0.486311986078064,0.3781121386503051,0.2839445519685514,0.20615890588402702,0.14486578461374264,0.09861750508563565,0.06510055352592373,0.04171226456720412,0.025964775960494627,0.015715472952654675,0.009256772897282337,0.00531049626081779,0.002969579597385965,0.0016198222557734687,0.0008625173626201241,0.00044864177182913706,0.00022811523802205143,0.00011345180728641455,5.522550846079357e-5,2.6326742082312915e-5
1.2376749745131562e-7,1.2376749745131562e-7,1.2864975000532158e-6,2.1272232954035337e-6,1.2024189227971522e-5,2.3745956226942782e-5,9.146989856252276e-5,0.00019206094167227274,0.0005651592121569656,0.0011801738992546892,0.002845617829163903,0.005663913142214409,0.011700837824287925,0.021625679152414735,0.03934621615110627,0.06656886117197977,0.10839892562382024,0.16686649429034806,0.24538972361462205,0.34334022849126034,0.4583911888715044,0.5838942701359243,0.7104097737279007,0.8261771339807862,0.9192114387004269,0.9793158961894781,1.0000000000000002,0.9796334299057212,0.9215965267374677,0.8334264114712738,0.725244393285911,0.6079070297765827,0.4913281736536169,0.3832946325688709,0.2889095596846011,0.2106180135238364,0.14864933035653932,0.10166824210648823,0.06744877722211254,0.04344403818483445,0.027192129304669358,0.016553537846755898,0.00980930726220543,0.005662894920513472,0.0031873620150666337,0.0017504286812500946,0.0009386257391480143,0.0004917881279074296,0.0002519368082671116,0.0001262734114032554,6.195926019310691e-5
4.593677012385646e-8,4.593677012385646e-8,5.088878260127219e-7,8.439123542623135e-7,5.0725562299578484e-6,1.0095732780294532e-5,4.119848794869846e-5,8.772830727829063e-5,0.00027224542053106413,0.0005805069439144925,0.0014696405718865827,0.003006404380542803,0.006497902535071914,0.012410172773214947,0.023567975617043734,0.04136892679553891,0.07023421656107084,0.11246077720605412,0.17238421485233746,0.25125632110724155,0.34970900699125385,0.46437418057598573,0.5891131319919847,0.7143618268228175,0.8287064256095151,0.920432099927834,0.9796334299057212,1.0000000000000002,0.9799361668599063,0.9227084866822528,0.8356344797741808,0.7285774081294992,0.6121653582137739,0.4961614647594592,0.3882979413738539,0.2937097221913913,0.21493199448844058,0.15230877593555764,0.10461485799938293,0.06971088606843975,0.045105623479965044,0.02836330894313251,0.01734767298067609,0.010328426285046948,0.005990657254149467,0.003387577847184733,0.001868934482696045,0.0010066833484903028,0.0005297591968196725,0.00027254157524946574,0.00013715978876046106
1.6763761349140132e-8,1.6763761349140132e-8,1.9756282213616555e-7,3.285012918014707e-7,2.0965715035054407e-6,4.2024564288571845e-6,1.8148387569992175e-5,3.914683291971881e-5,0.0001280287381941418,0.00027832889595281026,0.0007395022404404041,0.0015520716814346092,0.003508259804873161,0.00691173568759539,0.013694034415554949,0.02489878299561265,0.04404476646613608,0.07326105665024307,0.11696232929210604,0.1773958136196292,0.2571963074229904,0.3557204546977936,0.47019453944898193,0.5940890457307824,0.7181489342273972,0.8311188296067517,0.9215965267374677,0.9799361668599063,1.0000000000000002,0.9802252720514592,0.9237722061899637,0.8377517418358776,0.7317830510092421,0.6162764023398406,0.5008490496265594,0.3931772945787619,0.29842185986224606,0.21919985445332163,0.1559620540874498,0.10758748335464825,0.07202047222200667,0.046825252443768964,0.02959396805137495,0.018196335988416416,0.010893575873590229,0.006354770233790749,0.0036149146124684383,0.0020066873034204776,0.0010877980114929098,0.0005762301902757879,0.00029847246297551034
6.018374510172738e-9,6.018374510172738e-9,7.532471167318234e-8,1.2555224547312968e-7,8.496049599566044e-7,1.714077273848509e-6,7.82518937780132e-6,1.7080634009195024e-5,5.8829714874703544e-5,0.000130207872963772,0.00036290471078562404,0.000780163225296264,0.001843535727720975,0.0037402688243147143,0.007727724112327227,0.014531479802619695,0.026767733570394456,0.04618771132836195,0.07674711752793996,0.12098959331258076,0.1825833887783468,0.26277824333075245,0.36163547593333933,0.47574893532193924,0.5988839981654174,0.7217691245167057,0.8334264114712738,0.9227084866822528,0.9802252720514592,1.0000000000000002,0.9805017243576836,0.9247908883064194,0.8397832440121096,0.7348657278669369,0.6202393573946495,0.5053789641684863,0.39790363844890003,0.3029956459785929,0.22334899970253302,0.15951707991890746,0.1104805786239582,0.0742664603804991,0.0484943933631347,0.030784856310085176,0.019014046390837654,0.011435066209516167,0.006701223015057924,0.0038294356572708722,0.002135425269404088,0.0011627759325032554,0.0006186608357657317
2.126709341119815e-9,2.126709341119815e-9,2.8221512198418976e-8,4.7144642088435125e-8,3.3778665619919436e-7,6.85552551799274e-7,3.3050409232704335e-6,7.293398078318342e-6,2.6435620960408808e-5,5.9491510272598586e-5,0.00017384960137058124,0.000382222272817126,0.0009438460809836523,0.001968804181176244,0.004240073733242493,0.008233234456516258,0.015784202068422962,0.02821488974407186,0.0487622192639794,0.07980973074961502,0.12526576106064632,0.1874259035306717,0.26834697640797256,0.36727937754937073,0.4811390045814509,0.6034775045523886,0.725244393285911,0.8356344797741808,0.9237722061899637,0.9805017243576836,1.0000000000000002,0.9807664493878034,0.9257678443585744,0.8417355823179914,0.7378361128522345,0.6240703521190005,0.5097751429920386,0.402511736044785,0.3074793861924539,0.22744247085627028,0.16305044853271275,0.11338065662464716,0.0765398951815667,0.05020266932646278,0.03201885904045734,0.019873131063732827,0.012012688057022394,0.0070770129721343285,0.0040663824586636725,0.0022804335130042906,0.00124902174749525
7.40063529974039e-10,7.40063529974039e-10,1.0396304952329466e-8,1.7402669046521462e-8,1.3184445567175428e-7,2.690509533484663e-7,1.36832621830345e-6,3.0501315877002546e-6,1.1625851814932434e-5,2.6570302833587906e-5,8.136931894065225e-5,0.0001826940268479542,0.0004712605560810689,0.0010091080635435852,0.002264427261128278,0.004533525005891221,0.009041118410455058,0.016719499411280443,0.030034817693821894,0.050976726651275034,0.08315669232151494,0.12922148437042508,0.19233677597627538,0.27365252666204903,0.3728038306162637,0.486311986078064,0.6079070297765827,0.7285774081294992,0.8377517418358776,0.9247908883064194,0.9807664493878034,1.0000000000000002,0.981020250550107,0.926705770028225,0.8436132795675912,0.7406990354126238,0.6277715584761345,0.5140331090416922,0.40698628040355667,0.3118436700818653,0.2314354007404021,0.1665029553622863,0.11621764205762587,0.07876489314422173,0.05187395170079816,0.03322459296466609,0.02071061241543809,0.012573886099575524,0.007440473958378825,0.004294256624304311,0.002418934192434244
2.537231226926045e-10,2.537231226926045e-10,3.767596152595107e-9,6.318503896514932e-9,5.0551582556042574e-8,1.0367946986977149e-7,5.55675193755956e-7,1.250236500402431e-6,5.007503958829877e-6,1.1609751143661802e-5,3.723988094053825e-5,8.527207400745798e-5,0.00022968144215519668,0.0005041211747775612,0.0011782591594011202,0.002428613221481691,0.005035916711906173,0.009621281953606762,0.01795470893842622,0.031563228777664896,0.05347574865046257,0.08621727181100246,0.1333103377729001,0.19700107018774038,0.278900385541443,0.3781121386503051,0.4913281736536169,0.6121653582137739,0.7317830510092421,0.8397832440121096,0.9257678443585744,0.981020250550107,1.0000000000000002,0.9812638769122244,0.927607325243276,0.8454215191335505,0.7434625367265085,0.6313544463134231,0.5181689759812355,0.4113498701747883,0.3161195257746604,0.23536848798166113,0.16992480390241743,0.11904940390723648,0.08100375511104384,0.05357103606650304,0.034461531374893356,0.021579625496780528,0.013163615178387825,0.007827752530619929,0.004540770735185177
8.573696312840711e-11,8.573696312840711e-11,1.3438583345860344e-9,2.2576269764244365e-9,1.9050471461660988e-8,3.9253548741931025e-8,2.2148389054117763e-7,5.026351047819073e-7,2.113874698018197e-6,4.966761839667015e-6,1.6678231573597807e-5,3.889883481401674e-5,0.00010936197982798666,0.000245695709875667,0.0005979014082481334,0.0012669702481373543,0.002730453667986309,0.005382167481001059,0.01042826960608117,0.01896485275471452,0.03334983853299622,0.055729006925954665,0.08945071216932031,0.1371748486707193,0.20167242393739276,0.2839445519685514,0.3832946325688709,0.4961614647594592,0.6162764023398406,0.7348657278669369,0.8417355823179914,0.926705770028225,0.9812638769122244,1.0000000000000002,0.9814979924660774,0.9284747756852781,0.8471642534861706,0.746131295606493,0.6348224396666791,0.5221821808974636,0.4155949943693047,0.32029000375879385,0.23921401795026237,0.17327780410560945,0.1218292231051167,0.08320444533402811,0.05524036681332589,0.03567823578791165,0.022433732656915614,0.01374225032665585,0.008206745832411336
2.8567320434963834e-11,2.8567320434963834e-11,4.720100781974754e-10,7.942203176611714e-10,7.0600138369817805e-9,1.4609671322339013e-8,8.66979893466836e-8,1.9832805605643978e-7,8.751483183797395e-7,2.0819320813037025e-6,7.314755521433081e-6,1.735662423225332e-5,5.091329541451987e-5,0.00011692483886535649,0.0002961485749107754,0.0006442689376245821,0.001442480206266117,0.002929710602711753,0.00589077879450249,0.011069337751659806,0.020191607571078202,0.03493428835568112,0.058168829714734596,0.09248579364726928,0.14110201801300568,0.20615890588402702,0.2889095596846011,0.3882979413738539,0.5008490496265594,0.6202393573946495,0.7378361128522345,0.8436132795675912,0.927607325243276,0.9814979924660774,1.0000000000000002,0.9817232123337557,0.9293102985235976,0.8488456690909075,0.7487116126164541,0.6381840947345906,0.5260840814031544,0.41973687410838095,0.3243755161770769,0.24299866910993773,0.1765951831660967,0.12459605409692864,0.08540977126555213,0.05692605458347592,0.03691743672256979,0.02331198025165654,0.014343569086623065
9.389252604589892e-12,9.389252604589892e-12,1.6332442299968253e-10,2.7521990610320664e-10,2.5742589327228016e-9,5.348229999582167e-9,3.33475194745694e-8,7.685159382435872e-8,3.5554604388753194e-7,8.556625947032872e-7,3.1437917806678322e-6,7.5809626064894444e-6,2.3192571125903024e-5,5.4377971685184833e-5,0.00014329923937234107,0.0003196294830681842,0.0007431896930305429,0.0015532585707806472,0.0032395435146586834,0.006282379942613126,0.011880426502991679,0.021259107029741025,0.03669746185349489,0.06043859674944905,0.0956223312714276,0.14486578461374264,0.2106180135238364,0.2937097221913913,0.3931772945787619,0.5053789641684863,0.6240703521190005,0.7406990354126238,0.8454215191335505,0.9284747756852781,0.9817232123337557,1.0000000000000002,0.9819400895889538,0.9301158034935221,0.8504691844029577,0.7512077888299152,0.6414432283693562,0.5298760958922777,0.4237724097815007,0.3283665738734051,0.246705407262292,0.1798522658392253,0.12731864104956597,0.08758392276104417,0.05859031124352371,0.03814198941529504,0.024180087219082495
3.0451630068940193e-12,3.0451630068940193e-12,5.5697539990223534e-11,9.398460393616995e-11,9.239574047069578e-10,1.9266688806215533e-9,1.261056357272603e-8,2.9262408931207434e-8,1.418320908600042e-7,3.4503558080684174e-7,1.3249252575998537e-6,3.2435954126136767e-6,1.0344968373083804e-5,2.4733591346022427e-5,6.779138685019668e-5,0.00015483591509854217,0.00037374777676733715,0.0008027920050064106,0.001735994514370293,0.0034702813478986005,0.006799883126889382,0.012571366439143628,0.02248316540035077,0.03831972332395822,0.06282943199739997,0.09861750508563565,0.14864933035653932,0.21493199448844058,0.29842185986224606,0.39790363844890003,0.5097751429920386,0.6277715584761345,0.7434625367265085,0.8471642534861706,0.9293102985235976,0.9819400895889538,1.0000000000000002,0.982149135487386,0.930893098856369,0.852038251049528,0.7536249139020488,0.6446064897839789,0.5335665930394113,0.4277122496450383,0.33227697065533063,0.2503520231449139,0.18307127864780892,0.13002338089642512,0.08975643667088912,0.06026420184949521,0.03938263720629306
9.74894917736063e-13,9.74894917736063e-13,1.8727472264316974e-11,3.164093509203865e-11,3.265878145301637e-10,6.833423536154087e-10,4.690710454750735e-9,1.0954497355459403e-8,5.558489955213613e-8,1.365894151631204e-7,5.478691686310457e-7,1.360403066153281e-6,4.521311824387649e-6,1.1010877490765037e-5,3.1377953242189e-5,7.329754871098085e-5,0.00018361184104233224,0.0004048299066650804,0.0009072953380952041,0.0018673789997332528,0.0037895212994367177,0.007230514221715311,0.013389818816145108,0.023594681388611392,0.040065465629919375,0.06510055352592373,0.10166824210648823,0.15230877593555764,0.21919985445332163,0.3029956459785929,0.402511736044785,0.5140331090416922,0.6313544463134231,0.746131295606493,0.8488456690909075,0.9301158034935221,0.982149135487386,1.0000000000000002,0.9823508143773974,0.9316438021273509,0.8535558167443473,0.7559668448811966,0.6476776714942829,0.5371579248394701,0.43155576489361613,0.33610169367611575,0.25392816848975003,0.1862362874750129,0.13268930707461704,0.09190258674756487,0.06192098313122509
